fc_left=[820.95127,825.46409]
cc_left=[327.61428,201.62853]
kc_left=[-0.02573,-0.23704,-0.02306,0.00182,0.00000]
fc_right=[825.64744,829.73006]
cc_right=[312.95381,199.12453]
kc_right=[-0.04520,-0.09286,-0.02441,-0.00240,0.00000]
om=[-0.00379,0.01334,-0.00132]
T=[-401.11333,0.60737,9.02866]